0.000000	0.000000	-3.319495e-10
0.051282	0.000000	-3.141478e-05
0.102564	0.000000	-6.657843e-04
0.153846	0.000000	-1.676860e-03
0.205128	0.000000	-2.911342e-03
0.256410	0.000000	-4.298940e-03
0.307692	0.000000	-5.787502e-03
0.358974	0.000000	-7.333805e-03
0.410256	0.000000	-8.899942e-03
0.461538	0.000000	-1.045238e-02
0.512821	0.000000	-1.196063e-02
0.564103	0.000000	-1.339739e-02
0.615385	0.000000	-1.473785e-02
0.666667	0.000000	-1.596011e-02
0.717949	0.000000	-1.704469e-02
0.769231	0.000000	-1.797502e-02
0.820513	0.000000	-1.873696e-02
0.871795	0.000000	-1.931941e-02
0.923077	0.000000	-1.971374e-02
0.974359	0.000000	-1.991441e-02
1.025641	0.000000	-1.991843e-02
1.076923	0.000000	-1.972588e-02
1.128205	0.000000	-1.933945e-02
1.179487	0.000000	-1.876487e-02
1.230769	0.000000	-1.801043e-02
1.282051	0.000000	-1.708743e-02
1.333333	0.000000	-1.600967e-02
1.384615	0.000000	-1.479384e-02
1.435897	0.000000	-1.345914e-02
1.487179	0.000000	-1.202753e-02
1.538462	0.000000	-1.052349e-02
1.589744	0.000000	-8.974320e-03
1.641026	0.000000	-7.410117e-03
1.692308	0.000000	-5.864281e-03
1.743590	0.000000	-4.374146e-03
1.794872	0.000000	-2.982301e-03
1.846154	0.000000	-1.739828e-03
1.897436	0.000000	-7.142121e-04
1.948718	0.000000	-4.929991e-05
2.000000	0.000000	-3.309661e-10
0.000000	0.025641	-1.083876e-08
0.051282	0.025641	-1.382791e-05
0.102564	0.025641	-6.989386e-04
0.153846	0.025641	-1.702913e-03
0.205128	0.025641	-2.931125e-03
0.256410	0.025641	-4.314217e-03
0.307692	0.025641	-5.799282e-03
0.358974	0.025641	-7.342989e-03
0.410256	0.025641	-8.907054e-03
0.461538	0.025641	-1.045794e-02
0.512821	0.025641	-1.196494e-02
0.564103	0.025641	-1.340074e-02
0.615385	0.025641	-1.474046e-02
0.666667	0.025641	-1.596215e-02
0.717949	0.025641	-1.704630e-02
0.769231	0.025641	-1.797628e-02
0.820513	0.025641	-1.873801e-02
0.871795	0.025641	-1.932026e-02
0.923077	0.025641	-1.971451e-02
0.974359	0.025641	-1.991510e-02
1.025641	0.025641	-1.991913e-02
1.076923	0.025641	-1.972661e-02
1.128205	0.025641	-1.934031e-02
1.179487	0.025641	-1.876586e-02
1.230769	0.025641	-1.801168e-02
1.282051	0.025641	-1.708897e-02
1.333333	0.025641	-1.601165e-02
1.384615	0.025641	-1.479637e-02
1.435897	0.025641	-1.346241e-02
1.487179	0.025641	-1.203172e-02
1.538462	0.025641	-1.052890e-02
1.589744	0.025641	-8.981276e-03
1.641026	0.025641	-7.419072e-03
1.692308	0.025641	-5.875820e-03
1.743590	0.025641	-4.389019e-03
1.794872	0.025641	-3.001659e-03
1.846154	0.025641	-1.764938e-03
1.897436	0.025641	-7.447667e-04
1.948718	0.025641	-1.576996e-05
2.000000	0.025641	-8.281539e-09
0.000000	0.051282	-2.273456e-05
0.051282	0.051282	-1.376878e-04
0.102564	0.051282	-7.975329e-04
0.153846	0.051282	-1.778888e-03
0.205128	0.051282	-2.989314e-03
0.256410	0.051282	-4.359013e-03
0.307692	0.051282	-5.834180e-03
0.358974	0.051282	-7.370012e-03
0.410256	0.051282	-8.928203e-03
0.461538	0.051282	-1.047432e-02
0.512821	0.051282	-1.197776e-02
0.564103	0.051282	-1.341067e-02
0.615385	0.051282	-1.474824e-02
0.666667	0.051282	-1.596819e-02
0.717949	0.051282	-1.705108e-02
0.769231	0.051282	-1.798006e-02
0.820513	0.051282	-1.874109e-02
0.871795	0.051282	-1.932282e-02
0.923077	0.051282	-1.971676e-02
0.974359	0.051282	-1.991717e-02
1.025641	0.051282	-1.992121e-02
1.076923	0.051282	-1.972881e-02
1.128205	0.051282	-1.934281e-02
1.179487	0.051282	-1.876884e-02
1.230769	0.051282	-1.801535e-02
1.282051	0.051282	-1.709358e-02
1.333333	0.051282	-1.601753e-02
1.384615	0.051282	-1.480391e-02
1.435897	0.051282	-1.347211e-02
1.487179	0.051282	-1.204421e-02
1.538462	0.051282	-1.054496e-02
1.589744	0.051282	-9.001937e-03
1.641026	0.051282	-7.445636e-03
1.692308	0.051282	-5.909963e-03
1.743590	0.051282	-4.433015e-03
1.794872	0.051282	-3.058496e-03
1.846154	0.051282	-1.838685e-03
1.897436	0.051282	-8.391788e-04
1.948718	0.051282	-1.463413e-04
2.000000	0.051282	-2.598594e-05
0.000000	0.076923	-1.704094e-04
0.051282	0.076923	-3.423048e-04
0.102564	0.076923	-9.525324e-04
0.153846	0.076923	-1.899247e-03
0.205128	0.076923	-3.082612e-03
0.256410	0.076923	-4.431534e-03
0.307692	0.076923	-5.890645e-03
0.358974	0.076923	-7.414030e-03
0.410256	0.076923	-8.962541e-03
0.461538	0.076923	-1.050106e-02
0.512821	0.076923	-1.199861e-02
0.564103	0.076923	-1.342689e-02
0.615385	0.076923	-1.476090e-02
0.666667	0.076923	-1.597807e-02
0.717949	0.076923	-1.705886e-02
0.769231	0.076923	-1.798623e-02
0.820513	0.076923	-1.874611e-02
0.871795	0.076923	-1.932700e-02
0.923077	0.076923	-1.972044e-02
0.974359	0.076923	-1.992056e-02
1.025641	0.076923	-1.992460e-02
1.076923	0.076923	-1.973241e-02
1.128205	0.076923	-1.934692e-02
1.179487	0.076923	-1.877371e-02
1.230769	0.076923	-1.802138e-02
1.282051	0.076923	-1.710113e-02
1.333333	0.076923	-1.602717e-02
1.384615	0.076923	-1.481623e-02
1.435897	0.076923	-1.348798e-02
1.487179	0.076923	-1.206459e-02
1.538462	0.076923	-1.057122e-02
1.589744	0.076923	-9.035619e-03
1.641026	0.076923	-7.488900e-03
1.692308	0.076923	-5.965447e-03
1.743590	0.076923	-4.504156e-03
1.794872	0.076923	-3.150022e-03
1.846154	0.076923	-1.956576e-03
1.897436	0.076923	-9.920798e-04
1.948718	0.076923	-3.581869e-04
2.000000	0.076923	-1.785495e-04
0.000000	0.102564	-3.866890e-04
0.051282	0.102564	-5.713936e-04
0.102564	0.102564	-1.148145e-03
0.153846	0.102564	-2.055755e-03
0.205128	0.102564	-3.206198e-03
0.256410	0.102564	-4.528542e-03
0.307692	0.102564	-5.966705e-03
0.358974	0.102564	-7.473610e-03
0.410256	0.102564	-9.009123e-03
0.461538	0.102564	-1.053746e-02
0.512821	0.102564	-1.202700e-02
0.564103	0.102564	-1.344903e-02
0.615385	0.102564	-1.477817e-02
0.666667	0.102564	-1.599158e-02
0.717949	0.102564	-1.706949e-02
0.769231	0.102564	-1.799470e-02
0.820513	0.102564	-1.875296e-02
0.871795	0.102564	-1.933274e-02
0.923077	0.102564	-1.972544e-02
0.974359	0.102564	-1.992522e-02
1.025641	0.102564	-1.992921e-02
1.076923	0.102564	-1.973734e-02
1.128205	0.102564	-1.935250e-02
1.179487	0.102564	-1.878037e-02
1.230769	0.102564	-1.802956e-02
1.282051	0.102564	-1.711145e-02
1.333333	0.102564	-1.604028e-02
1.384615	0.102564	-1.483305e-02
1.435897	0.102564	-1.350956e-02
1.487179	0.102564	-1.209236e-02
1.538462	0.102564	-1.060683e-02
1.589744	0.102564	-9.081334e-03
1.641026	0.102564	-7.547373e-03
1.692308	0.102564	-6.040187e-03
1.743590	0.102564	-4.599619e-03
1.794872	0.102564	-3.271500e-03
1.846154	0.102564	-2.110982e-03
1.897436	0.102564	-1.187452e-03
1.948718	0.102564	-5.929846e-04
2.000000	0.102564	-4.015390e-04
0.000000	0.128205	-6.370637e-04
0.051282	0.128205	-8.204396e-04
0.102564	0.128205	-1.370269e-03
0.153846	0.128205	-2.239469e-03
0.205128	0.128205	-3.353763e-03
0.256410	0.128205	-4.646018e-03
0.307692	0.128205	-6.059478e-03
0.358974	0.128205	-7.546715e-03
0.410256	0.128205	-9.066465e-03
0.461538	0.128205	-1.058240e-02
0.512821	0.128205	-1.206208e-02
0.564103	0.128205	-1.347646e-02
0.615385	0.128205	-1.479956e-02
0.666667	0.128205	-1.600835e-02
0.717949	0.128205	-1.708267e-02
0.769231	0.128205	-1.800520e-02
0.820513	0.128205	-1.876147e-02
0.871795	0.128205	-1.933987e-02
0.923077	0.128205	-1.973165e-02
0.974359	0.128205	-1.993100e-02
1.025641	0.128205	-1.993494e-02
1.076923	0.128205	-1.974347e-02
1.128205	0.128205	-1.935944e-02
1.179487	0.128205	-1.878864e-02
1.230769	0.128205	-1.803972e-02
1.282051	0.128205	-1.712423e-02
1.333333	0.128205	-1.605653e-02
1.384615	0.128205	-1.485386e-02
1.435897	0.128205	-1.353627e-02
1.487179	0.128205	-1.212665e-02
1.538462	0.128205	-1.065082e-02
1.589744	0.128205	-9.137583e-03
1.641026	0.128205	-7.619172e-03
1.692308	0.128205	-6.131480e-03
1.743590	0.128205	-4.715242e-03
1.794872	0.128205	-3.417379e-03
1.846154	0.128205	-2.293288e-03
1.897436	0.128205	-1.410362e-03
1.948718	0.128205	-8.470026e-04
2.000000	0.128205	-6.580396e-04
0.000000	0.153846	-9.053105e-04
0.051282	0.153846	-1.083224e-03
0.102564	0.153846	-1.608717e-03
0.153846	0.153846	-2.441850e-03
0.205128	0.153846	-3.519627e-03
0.256410	0.153846	-4.779469e-03
0.307692	0.153846	-6.165785e-03
0.358974	0.153846	-7.630944e-03
0.410256	0.153846	-9.132773e-03
0.461538	0.153846	-1.063452e-02
0.512821	0.153846	-1.210285e-02
0.564103	0.153846	-1.350837e-02
0.615385	0.153846	-1.482447e-02
0.666667	0.153846	-1.602789e-02
0.717949	0.153846	-1.709804e-02
0.769231	0.153846	-1.801746e-02
0.820513	0.153846	-1.877140e-02
0.871795	0.153846	-1.934819e-02
0.923077	0.153846	-1.973891e-02
0.974359	0.153846	-1.993775e-02
1.025641	0.153846	-1.994163e-02
1.076923	0.153846	-1.975063e-02
1.128205	0.153846	-1.936754e-02
1.179487	0.153846	-1.879830e-02
1.230769	0.153846	-1.805158e-02
1.282051	0.153846	-1.713915e-02
1.333333	0.153846	-1.607548e-02
1.384615	0.153846	-1.487814e-02
1.435897	0.153846	-1.356735e-02
1.487179	0.153846	-1.216656e-02
1.538462	0.153846	-1.070181e-02
1.589744	0.153846	-9.202761e-03
1.641026	0.153846	-7.701925e-03
1.692308	0.153846	-6.236313e-03
1.743590	0.153846	-4.847038e-03
1.794872	0.153846	-3.581601e-03
1.846154	0.153846	-2.494730e-03
1.897436	0.153846	-1.650110e-03
1.948718	0.153846	-1.113993e-03
2.000000	0.153846	-9.318048e-04
0.000000	0.179487	-1.181273e-03
0.051282	0.179487	-1.352424e-03
0.102564	0.179487	-1.855500e-03
0.153846	0.179487	-2.655350e-03
0.205128	0.179487	-3.697430e-03
0.256410	0.179487	-4.924371e-03
0.307692	0.179487	-6.282287e-03
0.358974	0.179487	-7.723665e-03
0.410256	0.179487	-9.206229e-03
0.461538	0.179487	-1.069232e-02
0.512821	0.179487	-1.214827e-02
0.564103	0.179487	-1.354391e-02
0.615385	0.179487	-1.485232e-02
0.666667	0.179487	-1.604972e-02
0.717949	0.179487	-1.711526e-02
0.769231	0.179487	-1.803118e-02
0.820513	0.179487	-1.878255e-02
0.871795	0.179487	-1.935751e-02
0.923077	0.179487	-1.974708e-02
0.974359	0.179487	-1.994531e-02
1.025641	0.179487	-1.994916e-02
1.076923	0.179487	-1.975863e-02
1.128205	0.179487	-1.937662e-02
1.179487	0.179487	-1.880908e-02
1.230769	0.179487	-1.806486e-02
1.282051	0.179487	-1.715580e-02
1.333333	0.179487	-1.609666e-02
1.384615	0.179487	-1.490517e-02
1.435897	0.179487	-1.360203e-02
1.487179	0.179487	-1.221088e-02
1.538462	0.179487	-1.075851e-02
1.589744	0.179487	-9.274805e-03
1.641026	0.179487	-7.793270e-03
1.692308	0.179487	-6.351139e-03
1.743590	0.179487	-4.990301e-03
1.794872	0.179487	-3.758093e-03
1.846154	0.179487	-2.707853e-03
1.897436	0.179487	-1.898398e-03
1.948718	0.179487	-1.386943e-03
2.000000	0.179487	-1.212472e-03
0.000000	0.205128	-1.457292e-03
0.051282	0.205128	-1.621482e-03
0.102564	0.205128	-2.104063e-03
0.153846	0.205128	-2.873305e-03
0.205128	0.205128	-3.881765e-03
0.256410	0.205128	-5.076152e-03
0.307692	0.205128	-6.405332e-03
0.358974	0.205128	-7.822320e-03
0.410256	0.205128	-9.284653e-03
0.461538	0.205128	-1.075432e-02
0.512821	0.205128	-1.219705e-02
0.564103	0.205128	-1.358219e-02
0.615385	0.205128	-1.488233e-02
0.666667	0.205128	-1.607328e-02
0.717949	0.205128	-1.713387e-02
0.769231	0.205128	-1.804601e-02
0.820513	0.205128	-1.879461e-02
0.871795	0.205128	-1.936760e-02
0.923077	0.205128	-1.975592e-02
0.974359	0.205128	-1.995350e-02
1.025641	0.205128	-1.995730e-02
1.076923	0.205128	-1.976729e-02
1.128205	0.205128	-1.938645e-02
1.179487	0.205128	-1.882075e-02
1.230769	0.205128	-1.807919e-02
1.282051	0.205128	-1.717377e-02
1.333333	0.205128	-1.611947e-02
1.384615	0.205128	-1.493431e-02
1.435897	0.205128	-1.363929e-02
1.487179	0.205128	-1.225853e-02
1.538462	0.205128	-1.081919e-02
1.589744	0.205128	-9.351845e-03
1.641026	0.205128	-7.890351e-03
1.692308	0.205128	-6.472645e-03
1.743590	0.205128	-5.140641e-03
1.794872	0.205128	-3.941122e-03
1.846154	0.205128	-2.925828e-03
1.897436	0.205128	-2.148559e-03
1.948718	0.205128	-1.659296e-03
2.000000	0.205128	-1.492505e-03
0.000000	0.230769	-1.727055e-03
0.051282	0.230769	-1.884888e-03
0.102564	0.230769	-2.348766e-03
0.153846	0.230769	-3.090240e-03
0.205128	0.230769	-4.067141e-03
0.256410	0.230769	-5.230483e-03
0.307692	0.230769	-6.531532e-03
0.358974	0.230769	-7.924041e-03
0.410256	0.230769	-9.365927e-03
0.461538	0.230769	-1.081875e-02
0.512821	0.230769	-1.224790e-02
0.564103	0.230769	-1.362216e-02
0.615385	0.230769	-1.491373e-02
0.666667	0.230769	-1.609795e-02
0.717949	0.230769	-1.715337e-02
0.769231	0.230769	-1.806156e-02
0.820513	0.230769	-1.880727e-02
0.871795	0.230769	-1.937819e-02
0.923077	0.230769	-1.976520e-02
0.974359	0.230769	-1.996209e-02
1.025641	0.230769	-1.996586e-02
1.076923	0.230769	-1.977638e-02
1.128205	0.230769	-1.939676e-02
1.179487	0.230769	-1.883297e-02
1.230769	0.230769	-1.809422e-02
1.282051	0.230769	-1.719258e-02
1.333333	0.230769	-1.614336e-02
1.384615	0.230769	-1.496474e-02
1.435897	0.230769	-1.367822e-02
1.487179	0.230769	-1.230813e-02
1.538462	0.230769	-1.088233e-02
1.589744	0.230769	-9.431611e-03
1.641026	0.230769	-7.990632e-03
1.692308	0.230769	-6.597232e-03
1.743590	0.230769	-5.293742e-03
1.794872	0.230769	-4.125787e-03
1.846154	0.230769	-3.142850e-03
1.897436	0.230769	-2.394755e-03
1.948718	0.230769	-1.925618e-03
2.000000	0.230769	-1.765651e-03
0.000000	0.256410	-1.985645e-03
0.051282	0.256410	-2.137621e-03
0.102564	0.256410	-2.584652e-03
0.153846	0.256410	-3.301266e-03
0.205128	0.256410	-4.249250e-03
0.256410	0.256410	-5.383457e-03
0.307692	0.256410	-6.657384e-03
0.358974	0.256410	-8.026181e-03
0.410256	0.256410	-9.447872e-03
0.461538	0.256410	-1.088395e-02
0.512821	0.256410	-1.229951e-02
0.564103	0.256410	-1.366279e-02
0.615385	0.256410	-1.494573e-02
0.666667	0.256410	-1.612312e-02
0.717949	0.256410	-1.717329e-02
0.769231	0.256410	-1.807748e-02
0.820513	0.256410	-1.882022e-02
0.871795	0.256410	-1.938906e-02
0.923077	0.256410	-1.977471e-02
0.974359	0.256410	-1.997092e-02
1.025641	0.256410	-1.997461e-02
1.076923	0.256410	-1.978570e-02
1.128205	0.256410	-1.940728e-02
1.179487	0.256410	-1.884547e-02
1.230769	0.256410	-1.810953e-02
1.282051	0.256410	-1.721177e-02
1.333333	0.256410	-1.616765e-02
1.384615	0.256410	-1.499573e-02
1.435897	0.256410	-1.371770e-02
1.487179	0.256410	-1.235847e-02
1.538462	0.256410	-1.094613e-02
1.589744	0.256410	-9.512117e-03
1.641026	0.256410	-8.091223e-03
1.692308	0.256410	-6.721739e-03
1.743590	0.256410	-5.445477e-03
1.794872	0.256410	-4.307397e-03
1.846154	0.256410	-3.354221e-03
1.897436	0.256410	-2.632073e-03
1.948718	0.256410	-2.180782e-03
2.000000	0.256410	-2.027193e-03
0.000000	0.282051	-2.228796e-03
0.051282	0.282051	-2.375490e-03
0.102564	0.282051	-2.807700e-03
0.153846	0.282051	-3.502133e-03
0.205128	0.282051	-4.423956e-03
0.256410	0.282051	-5.531297e-03
0.307692	0.282051	-6.779937e-03
0.358974	0.282051	-8.126129e-03
0.410256	0.282051	-9.528408e-03
0.461538	0.282051	-1.094829e-02
0.512821	0.282051	-1.235050e-02
0.564103	0.282051	-1.370311e-02
0.615385	0.282051	-1.497745e-02
0.666667	0.282051	-1.614817e-02
0.717949	0.282051	-1.719311e-02
0.769231	0.282051	-1.809335e-02
0.820513	0.282051	-1.883315e-02
0.871795	0.282051	-1.939991e-02
0.923077	0.282051	-1.978421e-02
0.974359	0.282051	-1.997974e-02
1.025641	0.282051	-1.998335e-02
1.076923	0.282051	-1.979500e-02
1.128205	0.282051	-1.941778e-02
1.179487	0.282051	-1.885791e-02
1.230769	0.282051	-1.812476e-02
1.282051	0.282051	-1.723083e-02
1.333333	0.282051	-1.619177e-02
1.384615	0.282051	-1.502641e-02
1.435897	0.282051	-1.375681e-02
1.487179	0.282051	-1.240816e-02
1.538462	0.282051	-1.100904e-02
1.589744	0.282051	-9.591158e-03
1.641026	0.282051	-8.189707e-03
1.692308	0.282051	-6.842884e-03
1.743590	0.282051	-5.592282e-03
1.794872	0.282051	-4.481530e-03
1.846154	0.282051	-3.555342e-03
1.897436	0.282051	-2.856387e-03
1.948718	0.282051	-2.420833e-03
2.000000	0.282051	-2.272833e-03
0.000000	0.307692	-2.452924e-03
0.051282	0.307692	-2.595065e-03
0.102564	0.307692	-3.014240e-03
0.153846	0.307692	-3.689164e-03
0.205128	0.307692	-4.587744e-03
0.256410	0.307692	-5.670910e-03
0.307692	0.307692	-6.896337e-03
0.358974	0.307692	-8.221507e-03
0.410256	0.307692	-9.605602e-03
0.461538	0.307692	-1.101012e-02
0.512821	0.307692	-1.239969e-02
0.564103	0.307692	-1.374203e-02
0.615385	0.307692	-1.500819e-02
0.666667	0.307692	-1.617244e-02
0.717949	0.307692	-1.721237e-02
0.769231	0.307692	-1.810879e-02
0.820513	0.307692	-1.884573e-02
0.871795	0.307692	-1.941049e-02
0.923077	0.307692	-1.979346e-02
0.974359	0.307692	-1.998834e-02
1.025641	0.307692	-1.999186e-02
1.076923	0.307692	-1.980404e-02
1.128205	0.307692	-1.942797e-02
1.179487	0.307692	-1.886999e-02
1.230769	0.307692	-1.813952e-02
1.282051	0.307692	-1.724928e-02
1.333333	0.307692	-1.621508e-02
1.384615	0.307692	-1.505607e-02
1.435897	0.307692	-1.379450e-02
1.487179	0.307692	-1.245603e-02
1.538462	0.307692	-1.106944e-02
1.589744	0.307692	-9.666898e-03
1.641026	0.307692	-8.283670e-03
1.692308	0.307692	-6.958036e-03
1.743590	0.307692	-5.730953e-03
1.794872	0.307692	-4.644891e-03
1.846154	0.307692	-3.742665e-03
1.897436	0.307692	-3.064130e-03
1.948718	0.307692	-2.642256e-03
2.000000	0.307692	-2.499065e-03
0.000000	0.333333	-2.654990e-03
0.051282	0.333333	-2.793335e-03
0.102564	0.333333	-3.201235e-03
0.153846	0.333333	-3.859196e-03
0.205128	0.333333	-4.737606e-03
0.256410	0.333333	-5.799297e-03
0.307692	0.333333	-7.003939e-03
0.358974	0.333333	-8.310185e-03
0.410256	0.333333	-9.677587e-03
0.461538	0.333333	-1.106803e-02
0.512821	0.333333	-1.244584e-02
0.564103	0.333333	-1.377868e-02
0.615385	0.333333	-1.503715e-02
0.666667	0.333333	-1.619539e-02
0.717949	0.333333	-1.723058e-02
0.769231	0.333333	-1.812342e-02
0.820513	0.333333	-1.885767e-02
0.871795	0.333333	-1.942052e-02
0.923077	0.333333	-1.980227e-02
0.974359	0.333333	-1.999649e-02
1.025641	0.333333	-1.999994e-02
1.076923	0.333333	-1.981261e-02
1.128205	0.333333	-1.943762e-02
1.179487	0.333333	-1.888139e-02
1.230769	0.333333	-1.815344e-02
1.282051	0.333333	-1.726665e-02
1.333333	0.333333	-1.623701e-02
1.384615	0.333333	-1.508389e-02
1.435897	0.333333	-1.382985e-02
1.487179	0.333333	-1.250080e-02
1.538462	0.333333	-1.112587e-02
1.589744	0.333333	-9.737433e-03
1.641026	0.333333	-8.370885e-03
1.692308	0.333333	-7.064436e-03
1.743590	0.333333	-5.858432e-03
1.794872	0.333333	-4.794380e-03
1.846154	0.333333	-3.913026e-03
1.897436	0.333333	-3.252153e-03
1.948718	0.333333	-2.842103e-03
2.000000	0.333333	-2.702915e-03
0.000000	0.358974	-2.832682e-03
0.051282	0.358974	-2.967595e-03
0.102564	0.358974	-3.366029e-03
0.153846	0.358974	-4.009785e-03
0.205128	0.358974	-4.870830e-03
0.256410	0.358974	-5.914025e-03
0.307692	0.358974	-7.100561e-03
0.358974	0.358974	-8.390041e-03
0.410256	0.358974	-9.742724e-03
0.461538	0.358974	-1.112052e-02
0.512821	0.358974	-1.248787e-02
0.564103	0.358974	-1.381207e-02
0.615385	0.358974	-1.506365e-02
0.666667	0.358974	-1.621638e-02
0.717949	0.358974	-1.724731e-02
0.769231	0.358974	-1.813685e-02
0.820513	0.358974	-1.886867e-02
0.871795	0.358974	-1.942978e-02
0.923077	0.358974	-1.981039e-02
0.974359	0.358974	-2.000402e-02
1.025641	0.358974	-2.000740e-02
1.076923	0.358974	-1.982049e-02
1.128205	0.358974	-1.944648e-02
1.179487	0.358974	-1.889182e-02
1.230769	0.358974	-1.816617e-02
1.282051	0.358974	-1.728248e-02
1.333333	0.358974	-1.625698e-02
1.384615	0.358974	-1.510920e-02
1.435897	0.358974	-1.386196e-02
1.487179	0.358974	-1.254141e-02
1.538462	0.358974	-1.117694e-02
1.589744	0.358974	-9.801116e-03
1.641026	0.358974	-8.449399e-03
1.692308	0.358974	-7.159867e-03
1.743590	0.358974	-5.972291e-03
1.794872	0.358974	-4.927253e-03
1.846154	0.358974	-4.063897e-03
1.897436	0.358974	-3.417805e-03
1.948718	0.358974	-3.017670e-03
2.000000	0.358974	-2.882111e-03
0.000000	0.384615	-2.983749e-03
0.051282	0.384615	-3.115927e-03
0.102564	0.384615	-3.506583e-03
0.153846	0.384615	-4.138545e-03
0.205128	0.384615	-4.985179e-03
0.256410	0.384615	-6.012901e-03
0.307692	0.384615	-7.184117e-03
0.358974	0.384615	-8.459476e-03
0.410256	0.384615	-9.799537e-03
0.461538	0.384615	-1.116648e-02
0.512821	0.384615	-1.252471e-02
0.564103	0.384615	-1.384145e-02
0.615385	0.384615	-1.508701e-02
0.666667	0.384615	-1.623495e-02
0.717949	0.384615	-1.726213e-02
0.769231	0.384615	-1.814881e-02
0.820513	0.384615	-1.887848e-02
0.871795	0.384615	-1.943804e-02
0.923077	0.384615	-1.981766e-02
0.974359	0.384615	-2.001074e-02
1.025641	0.384615	-2.001405e-02
1.076923	0.384615	-1.982749e-02
1.128205	0.384615	-1.945434e-02
1.179487	0.384615	-1.890104e-02
1.230769	0.384615	-1.817739e-02
1.282051	0.384615	-1.729642e-02
1.333333	0.384615	-1.627453e-02
1.384615	0.384615	-1.513139e-02
1.435897	0.384615	-1.389007e-02
1.487179	0.384615	-1.257690e-02
1.538462	0.384615	-1.122147e-02
1.589744	0.384615	-9.856527e-03
1.641026	0.384615	-8.517526e-03
1.692308	0.384615	-7.242413e-03
1.743590	0.384615	-6.070409e-03
1.794872	0.384615	-5.041302e-03
1.846154	0.384615	-4.192861e-03
1.897436	0.384615	-3.559037e-03
1.948718	0.384615	-3.167107e-03
2.000000	0.384615	-3.034408e-03
0.000000	0.410256	-3.106552e-03
0.051282	0.410256	-3.236624e-03
0.102564	0.410256	-3.621166e-03
0.153846	0.410256	-4.243762e-03
0.205128	0.410256	-5.078971e-03
0.256410	0.410256	-6.094395e-03
0.307692	0.410256	-7.253284e-03
0.358974	0.410256	-8.517136e-03
0.410256	0.410256	-9.846866e-03
0.461538	0.410256	-1.120488e-02
0.512821	0.410256	-1.255558e-02
0.564103	0.410256	-1.386618e-02
0.615385	0.410256	-1.510673e-02
0.666667	0.410256	-1.625069e-02
0.717949	0.410256	-1.727473e-02
0.769231	0.410256	-1.815899e-02
0.820513	0.410256	-1.888685e-02
0.871795	0.410256	-1.944511e-02
0.923077	0.410256	-1.982388e-02
0.974359	0.410256	-2.001650e-02
1.025641	0.410256	-2.001973e-02
1.076923	0.410256	-1.983346e-02
1.128205	0.410256	-1.946100e-02
1.179487	0.410256	-1.890882e-02
1.230769	0.410256	-1.818683e-02
1.282051	0.410256	-1.730810e-02
1.333333	0.410256	-1.628920e-02
1.384615	0.410256	-1.514991e-02
1.435897	0.410256	-1.391348e-02
1.487179	0.410256	-1.260639e-02
1.538462	0.410256	-1.125845e-02
1.589744	0.410256	-9.902424e-03
1.641026	0.410256	-8.573871e-03
1.692308	0.410256	-7.310479e-03
1.743590	0.410256	-6.151116e-03
1.794872	0.410256	-5.134713e-03
1.846154	0.410256	-4.298144e-03
1.897436	0.410256	-3.674187e-03
1.948718	0.410256	-3.288665e-03
2.000000	0.410256	-3.158225e-03
0.000000	0.435897	-3.199793e-03
0.051282	0.435897	-3.328388e-03
0.102564	0.435897	-3.708387e-03
0.153846	0.435897	-4.324013e-03
0.205128	0.435897	-5.150794e-03
0.256410	0.435897	-6.156945e-03
0.307692	0.435897	-7.306697e-03
0.358974	0.435897	-8.561736e-03
0.410256	0.435897	-9.883666e-03
0.461538	0.435897	-1.123485e-02
0.512821	0.435897	-1.257987e-02
0.564103	0.435897	-1.388565e-02
0.615385	0.435897	-1.512234e-02
0.666667	0.435897	-1.626318e-02
0.717949	0.435897	-1.728480e-02
0.769231	0.435897	-1.816715e-02
0.820513	0.435897	-1.889361e-02
0.871795	0.435897	-1.945083e-02
0.923077	0.435897	-1.982892e-02
0.974359	0.435897	-2.002117e-02
1.025641	0.435897	-2.002430e-02
1.076923	0.435897	-1.983824e-02
1.128205	0.435897	-1.946629e-02
1.179487	0.435897	-1.891498e-02
1.230769	0.435897	-1.819423e-02
1.282051	0.435897	-1.731724e-02
1.333333	0.435897	-1.630062e-02
1.384615	0.435897	-1.516430e-02
1.435897	0.435897	-1.393162e-02
1.487179	0.435897	-1.262923e-02
1.538462	0.435897	-1.128700e-02
1.589744	0.435897	-9.937800e-03
1.641026	0.435897	-8.617195e-03
1.692308	0.435897	-7.362666e-03
1.743590	0.435897	-6.212854e-03
1.794872	0.435897	-5.206085e-03
1.846154	0.435897	-4.378402e-03
1.897436	0.435897	-3.761805e-03
1.948718	0.435897	-3.381119e-03
2.000000	0.435897	-3.252238e-03
0.000000	0.461538	-3.262611e-03
0.051282	0.461538	-3.390073e-03
0.102564	0.461538	-3.767145e-03
0.153846	0.461538	-4.378386e-03
0.205128	0.461538	-5.199533e-03
0.256410	0.461538	-6.199607e-03
0.307692	0.461538	-7.343198e-03
0.358974	0.461538	-8.592467e-03
0.410256	0.461538	-9.909146e-03
0.461538	0.461538	-1.125576e-02
0.512821	0.461538	-1.259687e-02
0.564103	0.461538	-1.389940e-02
0.615385	0.461538	-1.513349e-02
0.666667	0.461538	-1.627215e-02
0.717949	0.461538	-1.729209e-02
0.769231	0.461538	-1.817312e-02
0.820513	0.461538	-1.889858e-02
0.871795	0.461538	-1.945507e-02
0.923077	0.461538	-1.983266e-02
0.974359	0.461538	-2.002463e-02
1.025641	0.461538	-2.002769e-02
1.076923	0.461538	-1.984174e-02
1.128205	0.461538	-1.947011e-02
1.179487	0.461538	-1.891937e-02
1.230769	0.461538	-1.819945e-02
1.282051	0.461538	-1.732362e-02
1.333333	0.461538	-1.630853e-02
1.384615	0.461538	-1.517421e-02
1.435897	0.461538	-1.394407e-02
1.487179	0.461538	-1.264484e-02
1.538462	0.461538	-1.130647e-02
1.589744	0.461538	-9.961887e-03
1.641026	0.461538	-8.646620e-03
1.692308	0.461538	-7.398091e-03
1.743590	0.461538	-6.254677e-03
1.794872	0.461538	-5.254361e-03
1.846154	0.461538	-4.432656e-03
1.897436	0.461538	-3.820799e-03
1.948718	0.461538	-3.443286e-03
2.000000	0.461538	-3.315633e-03
0.000000	0.487179	-3.294218e-03
0.051282	0.487179	-3.421191e-03
0.102564	0.487179	-3.796883e-03
0.153846	0.487179	-4.406032e-03
0.205128	0.487179	-5.224549e-03
0.256410	0.487179	-6.221692e-03
0.307692	0.487179	-7.362337e-03
0.358974	0.487179	-8.608803e-03
0.410256	0.487179	-9.922869e-03
0.461538	0.487179	-1.126720e-02
0.512821	0.487179	-1.260633e-02
0.564103	0.487179	-1.390719e-02
0.615385	0.487179	-1.513986e-02
0.666667	0.487179	-1.627742e-02
0.717949	0.487179	-1.729646e-02
0.769231	0.487179	-1.817678e-02
0.820513	0.487179	-1.890168e-02
0.871795	0.487179	-1.945774e-02
0.923077	0.487179	-1.983506e-02
0.974359	0.487179	-2.002682e-02
1.025641	0.487179	-2.002979e-02
1.076923	0.487179	-1.984387e-02
1.128205	0.487179	-1.947235e-02
1.179487	0.487179	-1.892188e-02
1.230769	0.487179	-1.820234e-02
1.282051	0.487179	-1.732708e-02
1.333333	0.487179	-1.631275e-02
1.384615	0.487179	-1.517943e-02
1.435897	0.487179	-1.395056e-02
1.487179	0.487179	-1.265291e-02
1.538462	0.487179	-1.131650e-02
1.589744	0.487179	-9.974231e-03
1.641026	0.487179	-8.661660e-03
1.692308	0.487179	-7.416120e-03
1.743590	0.487179	-6.275886e-03
1.794872	0.487179	-5.278820e-03
1.846154	0.487179	-4.460111e-03
1.897436	0.487179	-3.850609e-03
1.948718	0.487179	-3.474729e-03
2.000000	0.487179	-3.347626e-03
0.000000	0.512821	-3.294310e-03
0.051282	0.512821	-3.421385e-03
0.102564	0.512821	-3.797289e-03
0.153846	0.512821	-4.406647e-03
0.205128	0.512821	-5.225499e-03
0.256410	0.512821	-6.222935e-03
0.307692	0.512821	-7.363756e-03
0.358974	0.512821	-8.610361e-03
0.410256	0.512821	-9.924539e-03
0.461538	0.512821	-1.126889e-02
0.512821	0.512821	-1.260799e-02
0.564103	0.512821	-1.390883e-02
0.615385	0.512821	-1.514142e-02
0.666667	0.512821	-1.627891e-02
0.717949	0.512821	-1.729786e-02
0.769231	0.512821	-1.817805e-02
0.820513	0.512821	-1.890285e-02
0.871795	0.512821	-1.945882e-02
0.923077	0.512821	-1.983601e-02
0.974359	0.512821	-2.002770e-02
1.025641	0.512821	-2.003057e-02
1.076923	0.512821	-1.984457e-02
1.128205	0.512821	-1.947299e-02
1.179487	0.512821	-1.892245e-02
1.230769	0.512821	-1.820286e-02
1.282051	0.512821	-1.732754e-02
1.333333	0.512821	-1.631316e-02
1.384615	0.512821	-1.517980e-02
1.435897	0.512821	-1.395089e-02
1.487179	0.512821	-1.265323e-02
1.538462	0.512821	-1.131678e-02
1.589744	0.512821	-9.974515e-03
1.641026	0.512821	-8.661915e-03
1.692308	0.512821	-7.416403e-03
1.743590	0.512821	-6.276242e-03
1.794872	0.512821	-5.279098e-03
1.846154	0.512821	-4.460365e-03
1.897436	0.512821	-3.850977e-03
1.948718	0.512821	-3.475047e-03
2.000000	0.512821	-3.347950e-03
0.000000	0.538462	-3.262922e-03
0.051282	0.538462	-3.390695e-03
0.102564	0.538462	-3.768324e-03
0.153846	0.538462	-4.380263e-03
0.205128	0.538462	-5.202365e-03
0.256410	0.538462	-6.203267e-03
0.307692	0.538462	-7.347548e-03
0.358974	0.538462	-8.597266e-03
0.410256	0.538462	-9.914197e-03
0.461538	0.538462	-1.126093e-02
0.512821	0.538462	-1.260197e-02
0.564103	0.538462	-1.390435e-02
0.615385	0.538462	-1.513817e-02
0.666667	0.538462	-1.627658e-02
0.717949	0.538462	-1.729623e-02
0.769231	0.538462	-1.817695e-02
0.820513	0.538462	-1.890209e-02
0.871795	0.538462	-1.945828e-02
0.923077	0.538462	-1.983557e-02
0.974359	0.538462	-2.002726e-02
1.025641	0.538462	-2.003004e-02
1.076923	0.538462	-1.984387e-02
1.128205	0.538462	-1.947202e-02
1.179487	0.538462	-1.892108e-02
1.230769	0.538462	-1.820098e-02
1.282051	0.538462	-1.732500e-02
1.333333	0.538462	-1.630977e-02
1.384615	0.538462	-1.517533e-02
1.435897	0.538462	-1.394509e-02
1.487179	0.538462	-1.264577e-02
1.538462	0.538462	-1.130734e-02
1.589744	0.538462	-9.962712e-03
1.641026	0.538462	-8.647421e-03
1.692308	0.538462	-7.398909e-03
1.743590	0.538462	-6.255527e-03
1.794872	0.538462	-5.255210e-03
1.846154	0.538462	-4.433506e-03
1.897436	0.538462	-3.821800e-03
1.948718	0.538462	-3.444335e-03
2.000000	0.538462	-3.316580e-03
0.000000	0.564103	-3.200435e-03
0.051282	0.564103	-3.329268e-03
0.102564	0.564103	-3.710229e-03
0.153846	0.564103	-4.327324e-03
0.205128	0.564103	-5.155514e-03
0.256410	0.564103	-6.163036e-03
0.307692	0.564103	-7.313869e-03
0.358974	0.564103	-8.569715e-03
0.410256	0.564103	-9.892093e-03
0.461538	0.564103	-1.124343e-02
0.512821	0.564103	-1.258836e-02
0.564103	0.564103	-1.389387e-02
0.615385	0.564103	-1.513017e-02
0.666667	0.564103	-1.627054e-02
0.717949	0.564103	-1.729168e-02
0.769231	0.564103	-1.817350e-02
0.820513	0.564103	-1.889943e-02
0.871795	0.564103	-1.945616e-02
0.923077	0.564103	-1.983373e-02
0.974359	0.564103	-2.002554e-02
1.025641	0.564103	-2.002823e-02
1.076923	0.564103	-1.984179e-02
1.128205	0.564103	-1.946946e-02
1.179487	0.564103	-1.891784e-02
1.230769	0.564103	-1.819678e-02
1.282051	0.564103	-1.731955e-02
1.333333	0.564103	-1.630268e-02
1.384615	0.564103	-1.516618e-02
1.435897	0.564103	-1.393331e-02
1.487179	0.564103	-1.263079e-02
1.538462	0.564103	-1.128844e-02
1.589744	0.564103	-9.939169e-03
1.641026	0.564103	-8.618510e-03
1.692308	0.564103	-7.363986e-03
1.743590	0.564103	-6.214220e-03
1.794872	0.564103	-5.207489e-03
1.846154	0.564103	-4.379943e-03
1.897436	0.564103	-3.763320e-03
1.948718	0.564103	-3.382691e-03
2.000000	0.564103	-3.253950e-03
0.000000	0.589744	-3.107331e-03
0.051282	0.589744	-3.237875e-03
0.102564	0.589744	-3.623775e-03
0.153846	0.589744	-4.248405e-03
0.205128	0.589744	-5.085695e-03
0.256410	0.589744	-6.102993e-03
0.307692	0.589744	-7.263505e-03
0.358974	0.589744	-8.528372e-03
0.410256	0.589744	-9.858701e-03
0.461538	0.589744	-1.121691e-02
0.512821	0.589744	-1.256749e-02
0.564103	0.589744	-1.387767e-02
0.615385	0.589744	-1.511766e-02
0.666667	0.589744	-1.626097e-02
0.717949	0.589744	-1.728432e-02
0.769231	0.589744	-1.816783e-02
0.820513	0.589744	-1.889496e-02
0.871795	0.589744	-1.945252e-02
0.923077	0.589744	-1.983058e-02
0.974359	0.589744	-2.002258e-02
1.025641	0.589744	-2.002519e-02
1.076923	0.589744	-1.983839e-02
1.128205	0.589744	-1.946541e-02
1.179487	0.589744	-1.891279e-02
1.230769	0.589744	-1.819038e-02
1.282051	0.589744	-1.731129e-02
1.333333	0.589744	-1.629206e-02
1.384615	0.589744	-1.515250e-02
1.435897	0.589744	-1.391583e-02
1.487179	0.589744	-1.260856e-02
1.538462	0.589744	-1.126046e-02
1.589744	0.589744	-9.904317e-03
1.641026	0.589744	-8.575708e-03
1.692308	0.589744	-7.312270e-03
1.743590	0.589744	-6.152933e-03
1.794872	0.589744	-5.136679e-03
1.846154	0.589744	-4.300266e-03
1.897436	0.589744	-3.676312e-03
1.948718	0.589744	-3.290945e-03
2.000000	0.589744	-3.160527e-03
0.000000	0.615385	-2.984556e-03
0.051282	0.615385	-3.117463e-03
0.102564	0.615385	-3.509992e-03
0.153846	0.615385	-4.144502e-03
0.205128	0.615385	-4.993925e-03
0.256410	0.615385	-6.024175e-03
0.307692	0.615385	-7.197363e-03
0.358974	0.615385	-8.474024e-03
0.410256	0.615385	-9.814793e-03
0.461538	0.615385	-1.118193e-02
0.512821	0.615385	-1.253994e-02
0.564103	0.615385	-1.385617e-02
0.615385	0.615385	-1.510101e-02
0.666667	0.615385	-1.624809e-02
0.717949	0.615385	-1.727437e-02
0.769231	0.615385	-1.816009e-02
0.820513	0.615385	-1.888882e-02
0.871795	0.615385	-1.944747e-02
0.923077	0.615385	-1.982620e-02
0.974359	0.615385	-2.001848e-02
1.025641	0.615385	-2.002101e-02
1.076923	0.615385	-1.983377e-02
1.128205	0.615385	-1.945996e-02
1.179487	0.615385	-1.890609e-02
1.230769	0.615385	-1.818191e-02
1.282051	0.615385	-1.730048e-02
1.333333	0.615385	-1.627817e-02
1.384615	0.615385	-1.513469e-02
1.435897	0.615385	-1.389305e-02
1.487179	0.615385	-1.257963e-02
1.538462	0.615385	-1.122401e-02
1.589744	0.615385	-9.858913e-03
1.641026	0.615385	-8.519860e-03
1.692308	0.615385	-7.244705e-03
1.743590	0.615385	-6.072830e-03
1.794872	0.615385	-5.043763e-03
1.846154	0.615385	-4.195448e-03
1.897436	0.615385	-3.561838e-03
1.948718	0.615385	-3.169970e-03
2.000000	0.615385	-3.037298e-03
0.000000	0.641026	-2.833490e-03
0.051282	0.641026	-2.969400e-03
0.102564	0.641026	-3.370204e-03
0.153846	0.641026	-4.017095e-03
0.205128	0.641026	-4.881624e-03
0.256410	0.641026	-5.927926e-03
0.307692	0.641026	-7.116804e-03
0.358974	0.641026	-8.407886e-03
0.410256	0.641026	-9.761384e-03
0.461538	0.641026	-1.113937e-02
0.512821	0.641026	-1.250641e-02
0.564103	0.641026	-1.382996e-02
0.615385	0.641026	-1.508065e-02
0.666667	0.641026	-1.623232e-02
0.717949	0.641026	-1.726213e-02
0.769231	0.641026	-1.815052e-02
0.820513	0.641026	-1.888119e-02
0.871795	0.641026	-1.944119e-02
0.923077	0.641026	-1.982074e-02
0.974359	0.641026	-2.001338e-02
1.025641	0.641026	-2.001584e-02
1.076923	0.641026	-1.982807e-02
1.128205	0.641026	-1.945330e-02
1.179487	0.641026	-1.889792e-02
1.230769	0.641026	-1.817165e-02
1.282051	0.641026	-1.728739e-02
1.333333	0.641026	-1.626141e-02
1.384615	0.641026	-1.511317e-02
1.435897	0.641026	-1.386558e-02
1.487179	0.641026	-1.254471e-02
1.538462	0.641026	-1.118000e-02
1.589744	0.641026	-9.804000e-03
1.641026	0.641026	-8.452186e-03
1.692308	0.641026	-7.162641e-03
1.743590	0.641026	-5.975126e-03
1.794872	0.641026	-4.930150e-03
1.846154	0.641026	-4.066927e-03
1.897436	0.641026	-3.421115e-03
1.948718	0.641026	-3.021174e-03
2.000000	0.641026	-2.885530e-03
0.000000	0.666667	-2.655842e-03
0.051282	0.666667	-2.795183e-03
0.102564	0.666667	-3.206051e-03
0.153846	0.666667	-3.868158e-03
0.205128	0.666667	-4.750645e-03
0.256410	0.666667	-5.816027e-03
0.307692	0.666667	-7.023407e-03
0.358974	0.666667	-8.331374e-03
0.410256	0.666667	-9.699681e-03
0.461538	0.666667	-1.109026e-02
0.512821	0.666667	-1.246766e-02
0.564103	0.666667	-1.379966e-02
0.615385	0.666667	-1.505708e-02
0.666667	0.666667	-1.621404e-02
0.717949	0.666667	-1.724791e-02
0.769231	0.666667	-1.813938e-02
0.820513	0.666667	-1.887230e-02
0.871795	0.666667	-1.943384e-02
0.923077	0.666667	-1.981436e-02
0.974359	0.666667	-2.000741e-02
1.025641	0.666667	-2.000979e-02
1.076923	0.666667	-1.982145e-02
1.128205	0.666667	-1.944557e-02
1.179487	0.666667	-1.888850e-02
1.230769	0.666667	-1.815983e-02
1.282051	0.666667	-1.727236e-02
1.333333	0.666667	-1.624215e-02
1.384615	0.666667	-1.508851e-02
1.435897	0.666667	-1.383405e-02
1.487179	0.666667	-1.250462e-02
1.538462	0.666667	-1.112942e-02
1.589744	0.666667	-9.740750e-03
1.641026	0.666667	-8.374097e-03
1.692308	0.666667	-7.067620e-03
1.743590	0.666667	-5.861652e-03
1.794872	0.666667	-4.797700e-03
1.846154	0.666667	-3.916628e-03
1.897436	0.666667	-3.255834e-03
1.948718	0.666667	-2.845991e-03
2.000000	0.666667	-2.707013e-03
0.000000	0.692308	-2.453497e-03
0.051282	0.692308	-2.597010e-03
0.102564	0.692308	-3.019812e-03
0.153846	0.692308	-3.699715e-03
0.205128	0.692308	-4.603296e-03
0.256410	0.692308	-5.690573e-03
0.307692	0.692308	-6.919076e-03
0.358974	0.692308	-8.246177e-03
0.410256	0.692308	-9.631136e-03
0.461538	0.692308	-1.103571e-02
0.512821	0.692308	-1.242472e-02
0.564103	0.692308	-1.376607e-02
0.615385	0.692308	-1.503094e-02
0.666667	0.692308	-1.619374e-02
0.717949	0.692308	-1.723212e-02
0.769231	0.692308	-1.812697e-02
0.820513	0.692308	-1.886237e-02
0.871795	0.692308	-1.942563e-02
0.923077	0.692308	-1.980720e-02
0.974359	0.692308	-2.000074e-02
1.025641	0.692308	-2.000304e-02
1.076923	0.692308	-1.981409e-02
1.128205	0.692308	-1.943699e-02
1.179487	0.692308	-1.887807e-02
1.230769	0.692308	-1.814677e-02
1.282051	0.692308	-1.725577e-02
1.333333	0.692308	-1.622092e-02
1.384615	0.692308	-1.506131e-02
1.435897	0.692308	-1.379926e-02
1.487179	0.692308	-1.246035e-02
1.538462	0.692308	-1.107345e-02
1.589744	0.692308	-9.670640e-03
1.641026	0.692308	-8.287251e-03
1.692308	0.692308	-6.961504e-03
1.743590	0.692308	-5.734468e-03
1.794872	0.692308	-4.648605e-03
1.846154	0.692308	-3.746682e-03
1.897436	0.692308	-3.068247e-03
1.948718	0.692308	-2.646703e-03
2.000000	0.692308	-2.503587e-03
0.000000	0.717949	-2.228909e-03
0.051282	0.717949	-2.377426e-03
0.102564	0.717949	-2.814144e-03
0.153846	0.717949	-3.514666e-03
0.205128	0.717949	-4.442129e-03
0.256410	0.717949	-5.554168e-03
0.307692	0.717949	-6.806134e-03
0.358974	0.717949	-8.154250e-03
0.410256	0.717949	-9.557373e-03
0.461538	0.717949	-1.097717e-02
0.512821	0.717949	-1.237865e-02
0.564103	0.717949	-1.373006e-02
0.615385	0.717949	-1.500292e-02
0.666667	0.717949	-1.617196e-02
0.717949	0.717949	-1.721516e-02
0.769231	0.717949	-1.811363e-02
0.820513	0.717949	-1.885170e-02
0.871795	0.717949	-1.941679e-02
0.923077	0.717949	-1.979951e-02
0.974359	0.717949	-1.999357e-02
1.025641	0.717949	-1.999580e-02
1.076923	0.717949	-1.980619e-02
1.128205	0.717949	-1.942782e-02
1.179487	0.717949	-1.886692e-02
1.230769	0.717949	-1.813282e-02
1.282051	0.717949	-1.723806e-02
1.333333	0.717949	-1.619825e-02
1.384615	0.717949	-1.503225e-02
1.435897	0.717949	-1.376208e-02
1.487179	0.717949	-1.241297e-02
1.538462	0.717949	-1.101345e-02
1.589744	0.717949	-9.595291e-03
1.641026	0.717949	-8.193661e-03
1.692308	0.717949	-6.846764e-03
1.743590	0.717949	-5.596193e-03
1.794872	0.717949	-4.485606e-03
1.846154	0.717949	-3.559635e-03
1.897436	0.717949	-2.860997e-03
1.948718	0.717949	-2.425700e-03
2.000000	0.717949	-2.277742e-03
0.000000	0.743590	-1.985222e-03
0.051282	0.743590	-2.139474e-03
0.102564	0.743590	-2.592145e-03
0.153846	0.743590	-3.315495e-03
0.205128	0.743590	-4.270232e-03
0.256410	0.743590	-5.409645e-03
0.307692	0.743590	-6.687076e-03
0.358974	0.743590	-8.057819e-03
0.410256	0.743590	-9.480207e-03
0.461538	0.743590	-1.091605e-02
0.512821	0.743590	-1.233064e-02
0.564103	0.743590	-1.369255e-02
0.615385	0.743590	-1.497377e-02
0.666667	0.743590	-1.614929e-02
0.717949	0.743590	-1.719752e-02
0.769231	0.743590	-1.809974e-02
0.820513	0.743590	-1.884058e-02
0.871795	0.743590	-1.940757e-02
0.923077	0.743590	-1.979148e-02
0.974359	0.743590	-1.998608e-02
1.025641	0.743590	-1.998825e-02
1.076923	0.743590	-1.979797e-02
1.128205	0.743590	-1.941828e-02
1.179487	0.743590	-1.885534e-02
1.230769	0.743590	-1.811835e-02
1.282051	0.743590	-1.721970e-02
1.333333	0.743590	-1.617474e-02
1.384615	0.743590	-1.500213e-02
1.435897	0.743590	-1.372345e-02
1.487179	0.743590	-1.236373e-02
1.538462	0.743590	-1.095092e-02
1.589744	0.743590	-9.516612e-03
1.641026	0.743590	-8.095469e-03
1.692308	0.743590	-6.725859e-03
1.743590	0.743590	-5.449532e-03
1.794872	0.743590	-4.311537e-03
1.846154	0.743590	-3.358616e-03
1.897436	0.743590	-2.636947e-03
1.948718	0.743590	-2.186047e-03
2.000000	0.743590	-2.032402e-03
0.000000	0.769231	-1.725950e-03
0.051282	0.769231	-1.886422e-03
0.102564	0.769231	-2.357196e-03
0.153846	0.769231	-3.106699e-03
0.205128	0.769231	-4.091118e-03
0.256410	0.769231	-5.260216e-03
0.307692	0.769231	-6.564744e-03
0.358974	0.769231	-7.959176e-03
0.410256	0.769231	-9.401580e-03
0.461538	0.769231	-1.085394e-02
0.512821	0.769231	-1.228193e-02
0.564103	0.769231	-1.365456e-02
0.615385	0.769231	-1.494421e-02
0.666667	0.769231	-1.612635e-02
0.717949	0.769231	-1.717961e-02
0.769231	0.769231	-1.808568e-02
0.820513	0.769231	-1.882929e-02
0.871795	0.769231	-1.939823e-02
0.923077	0.769231	-1.978334e-02
0.974359	0.769231	-1.997849e-02
1.025641	0.769231	-1.998060e-02
1.076923	0.769231	-1.978964e-02
1.128205	0.769231	-1.940864e-02
1.179487	0.769231	-1.884363e-02
1.230769	0.769231	-1.810375e-02
1.282051	0.769231	-1.720113e-02
1.333333	0.769231	-1.615101e-02
1.384615	0.769231	-1.497164e-02
1.435897	0.769231	-1.368441e-02
1.487179	0.769231	-1.231378e-02
1.538462	0.769231	-1.088747e-02
1.589744	0.769231	-9.436393e-03
1.641026	0.769231	-7.995099e-03
1.692308	0.769231	-6.601596e-03
1.743590	0.769231	-5.298058e-03
1.794872	0.769231	-4.130171e-03
1.846154	0.769231	-3.147503e-03
1.897436	0.769231	-2.399670e-03
1.948718	0.769231	-1.930977e-03
2.000000	0.769231	-1.771287e-03
0.000000	0.794872	-1.455071e-03
0.051282	0.794872	-1.622752e-03
0.102564	0.794872	-2.113796e-03
0.153846	0.794872	-2.892727e-03
0.205128	0.794872	-3.909086e-03
0.256410	0.794872	-5.109513e-03
0.307692	0.794872	-6.442213e-03
0.358974	0.794872	-7.860908e-03
0.410256	0.794872	-9.323516e-03
0.461538	0.794872	-1.079246e-02
0.512821	0.794872	-1.223379e-02
0.564103	0.794872	-1.361706e-02
0.615385	0.794872	-1.491507e-02
0.666667	0.794872	-1.610373e-02
0.717949	0.794872	-1.716198e-02
0.769231	0.794872	-1.807180e-02
0.820513	0.794872	-1.881816e-02
0.871795	0.794872	-1.938901e-02
0.923077	0.794872	-1.977530e-02
0.974359	0.794872	-1.997100e-02
1.025641	0.794872	-1.997305e-02
1.076923	0.794872	-1.978144e-02
1.128205	0.794872	-1.939914e-02
1.179487	0.794872	-1.883212e-02
1.230769	0.794872	-1.808937e-02
1.282051	0.794872	-1.718289e-02
1.333333	0.794872	-1.612764e-02
1.384615	0.794872	-1.494165e-02
1.435897	0.794872	-1.364590e-02
1.487179	0.794872	-1.226451e-02
1.538462	0.794872	-1.082465e-02
1.589744	0.794872	-9.356865e-03
1.641026	0.794872	-7.895031e-03
1.692308	0.794872	-6.477190e-03
1.743590	0.794872	-5.144927e-03
1.794872	0.794872	-3.945632e-03
1.846154	0.794872	-2.930468e-03
1.897436	0.794872	-2.153548e-03
1.948718	0.794872	-1.664909e-03
2.000000	0.794872	-1.498221e-03
0.000000	0.820513	-1.177760e-03
0.051282	0.820513	-1.353337e-03
0.102564	0.820513	-1.866973e-03
0.153846	0.820513	-2.678015e-03
0.205128	0.820513	-3.728880e-03
0.256410	0.820513	-4.961622e-03
0.307692	0.820513	-6.322891e-03
0.358974	0.820513	-7.765623e-03
0.410256	0.820513	-9.248166e-03
0.461538	0.820513	-1.073326e-02
0.512821	0.820513	-1.218751e-02
0.564103	0.820513	-1.358108e-02
0.615385	0.820513	-1.488711e-02
0.666667	0.820513	-1.608205e-02
0.717949	0.820513	-1.714507e-02
0.769231	0.820513	-1.805852e-02
0.820513	0.820513	-1.880749e-02
0.871795	0.820513	-1.938017e-02
0.923077	0.820513	-1.976760e-02
0.974359	0.820513	-1.996382e-02
1.025641	0.820513	-1.996583e-02
1.076923	0.820513	-1.977359e-02
1.128205	0.820513	-1.939006e-02
1.179487	0.820513	-1.882110e-02
1.230769	0.820513	-1.807564e-02
1.282051	0.820513	-1.716542e-02
1.333333	0.820513	-1.610531e-02
1.384615	0.820513	-1.491290e-02
1.435897	0.820513	-1.360902e-02
1.487179	0.820513	-1.221716e-02
1.538462	0.820513	-1.076426e-02
1.589744	0.820513	-9.280029e-03
1.641026	0.820513	-7.798170e-03
1.692308	0.820513	-6.355671e-03
1.743590	0.820513	-4.994745e-03
1.794872	0.820513	-3.762571e-03
1.846154	0.820513	-2.712433e-03
1.897436	0.820513	-1.903376e-03
1.948718	0.820513	-1.392453e-03
2.000000	0.820513	-1.218188e-03
0.000000	0.846154	-9.002840e-04
0.051282	0.846154	-1.083908e-03
0.102564	0.846154	-1.622203e-03
0.153846	0.846154	-2.467907e-03
0.205128	0.846154	-3.555262e-03
0.256410	0.846154	-4.820769e-03
0.307692	0.846154	-6.210010e-03
0.358974	0.846154	-7.676113e-03
0.410256	0.846154	-9.177569e-03
0.461538	0.846154	-1.067797e-02
0.512821	0.846154	-1.214439e-02
0.564103	0.846154	-1.354755e-02
0.615385	0.846154	-1.486113e-02
0.666667	0.846154	-1.606187e-02
0.717949	0.846154	-1.712937e-02
0.769231	0.846154	-1.804615e-02
0.820513	0.846154	-1.879758e-02
0.871795	0.846154	-1.937195e-02
0.923077	0.846154	-1.976044e-02
0.974359	0.846154	-1.995715e-02
1.025641	0.846154	-1.995911e-02
1.076923	0.846154	-1.976630e-02
1.128205	0.846154	-1.938162e-02
1.179487	0.846154	-1.881088e-02
1.230769	0.846154	-1.806287e-02
1.282051	0.846154	-1.714922e-02
1.333333	0.846154	-1.608452e-02
1.384615	0.846154	-1.488621e-02
1.435897	0.846154	-1.357465e-02
1.487179	0.846154	-1.217309e-02
1.538462	0.846154	-1.070778e-02
1.589744	0.846154	-9.208138e-03
1.641026	0.846154	-7.706921e-03
1.692308	0.846154	-6.240905e-03
1.743590	0.846154	-4.851498e-03
1.794872	0.846154	-3.585815e-03
1.846154	0.846154	-2.498980e-03
1.897436	0.846154	-1.654855e-03
1.948718	0.846154	-1.119256e-03
2.000000	0.846154	-9.374018e-04
0.000000	0.871795	-6.301967e-04
0.051282	0.871795	-8.212971e-04
0.102564	0.871795	-1.386768e-03
0.153846	0.871795	-2.270053e-03
0.205128	0.871795	-3.393771e-03
0.256410	0.871795	-4.691224e-03
0.307692	0.871795	-6.107123e-03
0.358974	0.871795	-7.594846e-03
0.410256	0.871795	-9.113822e-03
0.461538	0.871795	-1.062813e-02
0.512821	0.871795	-1.210561e-02
0.564103	0.871795	-1.351744e-02
0.615385	0.871795	-1.483780e-02
0.666667	0.871795	-1.604378e-02
0.717949	0.871795	-1.711528e-02
0.769231	0.871795	-1.803506e-02
0.820513	0.871795	-1.878868e-02
0.871795	0.871795	-1.936457e-02
0.923077	0.871795	-1.975400e-02
0.974359	0.871795	-1.995116e-02
1.025641	0.871795	-1.995309e-02
1.076923	0.871795	-1.975976e-02
1.128205	0.871795	-1.937405e-02
1.179487	0.871795	-1.880172e-02
1.230769	0.871795	-1.805143e-02
1.282051	0.871795	-1.713471e-02
1.333333	0.871795	-1.606592e-02
1.384615	0.871795	-1.486228e-02
1.435897	0.871795	-1.354383e-02
1.487179	0.871795	-1.213345e-02
1.538462	0.871795	-1.065696e-02
1.589744	0.871795	-9.143175e-03
1.641026	0.871795	-7.624279e-03
1.692308	0.871795	-6.136185e-03
1.743590	0.871795	-4.719605e-03
1.794872	0.871795	-3.421427e-03
1.846154	0.871795	-2.297368e-03
1.897436	0.871795	-1.414689e-03
1.948718	0.871795	-8.518009e-04
2.000000	0.871795	-6.633755e-04
0.000000	0.897436	-3.782452e-04
0.051282	0.897436	-5.729128e-04
0.102564	0.897436	-1.168689e-03
0.153846	0.897436	-2.091427e-03
0.205128	0.897436	-3.250564e-03
0.256410	0.897436	-4.577506e-03
0.307692	0.897436	-6.017452e-03
0.358974	0.897436	-7.524369e-03
0.410256	0.897436	-9.058724e-03
0.461538	0.897436	-1.058513e-02
0.512821	0.897436	-1.207222e-02
0.564103	0.897436	-1.349152e-02
0.615385	0.897436	-1.481775e-02
0.666667	0.897436	-1.602821e-02
0.717949	0.897436	-1.710318e-02
0.769231	0.897436	-1.802553e-02
0.820513	0.897436	-1.878105e-02
0.871795	0.897436	-1.935824e-02
0.923077	0.897436	-1.974849e-02
0.974359	0.897436	-1.994602e-02
1.025641	0.897436	-1.994792e-02
1.076923	0.897436	-1.975416e-02
1.128205	0.897436	-1.936756e-02
1.179487	0.897436	-1.879387e-02
1.230769	0.897436	-1.804161e-02
1.282051	0.897436	-1.712225e-02
1.333333	0.897436	-1.604992e-02
1.384615	0.897436	-1.484171e-02
1.435897	0.897436	-1.351729e-02
1.487179	0.897436	-1.209934e-02
1.538462	0.897436	-1.061308e-02
1.589744	0.897436	-9.087012e-03
1.641026	0.897436	-7.552458e-03
1.692308	0.897436	-6.044866e-03
1.743590	0.897436	-4.603832e-03
1.794872	0.897436	-3.275434e-03
1.846154	0.897436	-2.114588e-03
1.897436	0.897436	-1.190899e-03
1.948718	0.897436	-5.969625e-04
2.000000	0.897436	-4.062126e-04
0.000000	0.923077	-1.611648e-04
0.051282	0.923077	-3.456649e-04
0.102564	0.923077	-9.782409e-04
0.153846	0.923077	-1.940295e-03
0.205128	0.923077	-3.131570e-03
0.256410	0.923077	-4.483855e-03
0.307692	0.923077	-5.944046e-03
0.358974	0.923077	-7.466971e-03
0.410256	0.923077	-9.013941e-03
0.461538	0.923077	-1.055030e-02
0.512821	0.923077	-1.204519e-02
0.564103	0.923077	-1.347059e-02
0.615385	0.923077	-1.480155e-02
0.666667	0.923077	-1.601566e-02
0.717949	0.923077	-1.709341e-02
0.769231	0.923077	-1.801785e-02
0.820513	0.923077	-1.877488e-02
0.871795	0.923077	-1.935313e-02
0.923077	0.923077	-1.974404e-02
0.974359	0.923077	-1.994188e-02
1.025641	0.923077	-1.994374e-02
1.076923	0.923077	-1.974963e-02
1.128205	0.923077	-1.936232e-02
1.179487	0.923077	-1.878753e-02
1.230769	0.923077	-1.803370e-02
1.282051	0.923077	-1.711220e-02
1.333333	0.923077	-1.603703e-02
1.384615	0.923077	-1.482510e-02
1.435897	0.923077	-1.349587e-02
1.487179	0.923077	-1.207173e-02
1.538462	0.923077	-1.057756e-02
1.589744	0.923077	-9.041390e-03
1.641026	0.923077	-7.494008e-03
1.692308	0.923077	-5.970106e-03
1.743590	0.923077	-4.508247e-03
1.794872	0.923077	-3.153746e-03
1.846154	0.923077	-1.959794e-03
1.897436	0.923077	-9.947820e-04
1.948718	0.923077	-3.607729e-04
2.000000	0.923077	-1.821510e-04
0.000000	0.948718	-1.730827e-05
0.051282	0.948718	-1.424835e-04
0.102564	0.948718	-8.297899e-04
0.153846	0.948718	-1.825214e-03
0.205128	0.948718	-3.041990e-03
0.256410	0.948718	-4.414163e-03
0.307692	0.948718	-5.889720e-03
0.358974	0.948718	-7.424622e-03
0.410256	0.948718	-8.980983e-03
0.461538	0.948718	-1.052469e-02
0.512821	0.948718	-1.202533e-02
0.564103	0.948718	-1.345523e-02
0.615385	0.948718	-1.478965e-02
0.666667	0.948718	-1.600646e-02
0.717949	0.948718	-1.708623e-02
0.769231	0.948718	-1.801221e-02
0.820513	0.948718	-1.877035e-02
0.871795	0.948718	-1.934938e-02
0.923077	0.948718	-1.974077e-02
0.974359	0.948718	-1.993882e-02
1.025641	0.948718	-1.994068e-02
1.076923	0.948718	-1.974630e-02
1.128205	0.948718	-1.935849e-02
1.179487	0.948718	-1.878288e-02
1.230769	0.948718	-1.802791e-02
1.282051	0.948718	-1.710482e-02
1.333333	0.948718	-1.602758e-02
1.384615	0.948718	-1.481291e-02
1.435897	0.948718	-1.348017e-02
1.487179	0.948718	-1.205145e-02
1.538462	0.948718	-1.055145e-02
1.589744	0.948718	-9.007791e-03
1.641026	0.948718	-7.450842e-03
1.692308	0.948718	-5.914660e-03
1.743590	0.948718	-4.437022e-03
1.794872	0.948718	-3.061962e-03
1.846154	0.948718	-1.841377e-03
1.897436	0.948718	-8.411429e-04
1.948718	0.948718	-1.472039e-04
2.000000	0.948718	-2.770489e-05
0.000000	0.974359	1.236336e-08
0.051282	0.974359	-1.560623e-05
0.102564	0.974359	-7.380740e-04
0.153846	0.974359	-1.753203e-03
0.205128	0.974359	-2.986218e-03
0.256410	0.974359	-4.371085e-03
0.307692	0.974359	-5.856084e-03
0.358974	0.974359	-7.398584e-03
0.410256	0.974359	-8.960677e-03
0.461538	0.974359	-1.050899e-02
0.512821	0.974359	-1.201313e-02
0.564103	0.974359	-1.344581e-02
0.615385	0.974359	-1.478236e-02
0.666667	0.974359	-1.600082e-02
0.717949	0.974359	-1.708184e-02
0.769231	0.974359	-1.800876e-02
0.820513	0.974359	-1.876759e-02
0.871795	0.974359	-1.934708e-02
0.923077	0.974359	-1.973877e-02
0.974359	0.974359	-1.993696e-02
1.025641	0.974359	-1.993881e-02
1.076923	0.974359	-1.974427e-02
1.128205	0.974359	-1.935614e-02
1.179487	0.974359	-1.878003e-02
1.230769	0.974359	-1.802436e-02
1.282051	0.974359	-1.710030e-02
1.333333	0.974359	-1.602180e-02
1.384615	0.974359	-1.480543e-02
1.435897	0.974359	-1.347055e-02
1.487179	0.974359	-1.203898e-02
1.538462	0.974359	-1.053546e-02
1.589744	0.974359	-8.987092e-03
1.641026	0.974359	-7.424342e-03
1.692308	0.974359	-5.880393e-03
1.743590	0.974359	-4.393073e-03
1.794872	0.974359	-3.004945e-03
1.846154	0.974359	-1.767385e-03
1.897436	0.974359	-7.461887e-04
1.948718	0.974359	-1.578412e-05
2.000000	0.974359	-1.455349e-08
0.000000	1.000000	-3.313381e-10
0.051282	1.000000	-4.897127e-05
0.102564	1.000000	-7.083916e-04
0.153846	1.000000	-1.728719e-03
0.205128	1.000000	-2.967303e-03
0.256410	1.000000	-4.356401e-03
0.307692	1.000000	-5.844755e-03
0.358974	1.000000	-7.389780e-03
0.410256	1.000000	-8.953851e-03
0.461538	1.000000	-1.050370e-02
0.512821	1.000000	-1.200903e-02
0.564103	1.000000	-1.344265e-02
0.615385	1.000000	-1.477990e-02
0.666667	1.000000	-1.599893e-02
0.717949	1.000000	-1.708036e-02
0.769231	1.000000	-1.800760e-02
0.820513	1.000000	-1.876666e-02
0.871795	1.000000	-1.934631e-02
0.923077	1.000000	-1.973810e-02
0.974359	1.000000	-1.993634e-02
1.025641	1.000000	-1.993819e-02
1.076923	1.000000	-1.974358e-02
1.128205	1.000000	-1.935536e-02
1.179487	1.000000	-1.877906e-02
1.230769	1.000000	-1.802318e-02
1.282051	1.000000	-1.709877e-02
1.333333	1.000000	-1.601986e-02
1.384615	1.000000	-1.480291e-02
1.435897	1.000000	-1.346730e-02
1.487179	1.000000	-1.203479e-02
1.538462	1.000000	-1.053004e-02
1.589744	1.000000	-8.980133e-03
1.641026	1.000000	-7.415325e-03
1.692308	1.000000	-5.868828e-03
1.743590	1.000000	-4.378083e-03
1.794872	1.000000	-2.985555e-03
1.846154	1.000000	-1.742178e-03
1.897436	1.000000	-7.154827e-04
1.948718	1.000000	-4.937968e-05
2.000000	1.000000	-3.315378e-10
